Set1/Set_1_m_4_U_100_n_20_tss_90.txt
 0               100            76
 1               103            75
 2               114            75
 3               132            89
 
 0               97            79
 1               99            75
 2               104            74
 3               131            92
 
 0               95            78
 1               103            75
 2               105            76
 3               126            92
 
 0               94            79
 1               99            75
 2               97            76
 3               125            93
 
Set1/Set_1_m_4_U_100_n_20_tss_90.txt
 0               100            76
 1               103            75
 2               114            75
 3               132            89
 
 0               97            79
 1               99            75
 2               104            74
 3               131            92
 
 0               95            78
 1               103            75
 2               105            76
 3               126            92
 
 0               94            79
 1               99            75
 2               97            76
 3               125            93
 
Set1/Set_1_m_4_U_100_n_20_tss_90.txt
 0               100            76
 1               103            75
 2               114            75
 3               132            89
 
 0               97            79
 1               99            75
 2               104            74
 3               131            92
 
 0               95            78
 1               103            75
 2               105            76
 3               126            92
 
 0               94            79
 1               99            75
 2               97            76
 3               125            93
 
Set1/Set_1_m_4_U_100_n_20_tss_90.txt
 0               100            76
 1               103            75
 2               114            75
 3               132            89
 
 0               97            79
 1               99            75
 2               104            74
 3               131            92
 
 0               95            78
 1               103            75
 2               105            76
 3               126            92
 
 0               94            79
 1               99            75
 2               97            76
 3               125            93
 
Set1/Set_1_m_4_U_100_n_20_tss_90.txt
 0               100            76
 1               103            75
 2               114            75
 3               132            89
 
 0               97            79
 1               99            75
 2               104            74
 3               131            92
 
 0               95            78
 1               103            75
 2               105            76
 3               126            92
 
 0               94            79
 1               99            75
 2               97            76
 3               125            93
 
Set1/Set_1_m_4_U_100_n_20_tss_90.txt
 0               100            76
 1               103            75
 2               114            75
 3               132            89
 
 0               97            79
 1               99            75
 2               104            74
 3               131            92
 
 0               95            78
 1               103            75
 2               105            76
 3               126            92
 
 0               94            79
 1               99            75
 2               97            76
 3               125            93
 
Set1/Set_1_m_4_U_50_n_20_tss_70.txt
 0               77            57
 1               88            57
 2               57            43
 3               73            53
 
 0               68            56
 1               84            56
 2               57            42
 3               66            51
 
 0               70            54
 1               46            33
 2               35            26
 3               37            37
 
 0               67            54
 1               46            33
 2               35            26
 3               37            37
 
Set1/Set_1_m_4_U_60_n_20_tss_70.txt
 0               78            56
 1               92            60
 2               74            52
 3               79            53
 
 0               74            56
 1               90            60
 2               69            50
 3               74            51
 
 0               67            52
 1               58            41
 2               46            34
 3               41            32
 
 0               67            52
 1               57            41
 2               45            34
 3               41            32
 
Set1/Set_1_m_4_U_70_n_20_tss_70.txt
 0               79            59
 1               88            62
 2               70            48
 3               88            60
 
 0               74            60
 1               85            62
 2               70            47
 3               84            58
 
 0               76            58
 1               75            58
 2               54            40
 3               44            39
 
 0               71            58
 1               74            59
 2               54            40
 3               44            40
 
Set1/Set_1_m_4_U_80_n_20_tss_70.txt
 0               106            63
 1               67            54
 2               76            58
 3               73            56
 
 0               102            68
 1               65            54
 2               72            57
 3               73            55
 
 0               106            64
 1               56            50
 2               65            55
 3               37            36
 
 0               102            66
 1               55            51
 2               62            55
 3               37            36
 
Set1/Set_1_m_4_U_90_n_20_tss_70.txt
 0               85            65
 1               65            54
 2               93            54
 3               71            56
 
 0               81            65
 1               63            55
 2               93            53
 3               69            55
 
 0               77            63
 1               65            55
 2               59            39
 3               64            56
 
 0               74            63
 1               63            55
 2               59            39
 3               63            56
 
Set1/Set_1_m_4_U_100_n_20_tss_70.txt
 0               91            52
 1               82            65
 2               72            62
 3               90            75
 
 0               90            53
 1               82            65
 2               71            62
 3               90            74
 
 0               83            51
 1               82            65
 2               72            64
 3               90            76
 
 0               82            51
 1               82            65
 2               71            65
 3               90            76
 
Set1/Set_1_m_4_U_50_n_20_tss_50.txt
 0               58            44
 1               52            44
 2               39            33
 3               53            38
 
 0               55            43
 1               50            43
 2               39            32
 3               46            36
 
 0               37            28
 1               30            25
 2               26            18
 3               29            21
 
 0               37            28
 1               30            25
 2               26            18
 3               29            20
 
Set1/Set_1_m_4_U_50_n_20_tss_60.txt
 0               62            52
 1               60            46
 2               64            50
 3               53            39
 
 0               59            51
 1               56            45
 2               58            48
 3               50            38
 
 0               47            43
 1               37            30
 2               38            33
 3               27            25
 
 0               46            43
 1               37            31
 2               37            33
 3               27            25
 
Set1/Set_1_m_4_U_50_n_20_tss_70.txt
 0               77            57
 1               88            57
 2               57            43
 3               73            53
 
 0               68            56
 1               84            56
 2               57            42
 3               66            51
 
 0               70            54
 1               46            33
 2               35            26
 3               37            37
 
 0               67            54
 1               46            33
 2               35            26
 3               37            37
 
Set1/Set_1_m_4_U_50_n_20_tss_80.txt
 0               78            62
 1               94            69
 2               70            50
 3               66            52
 
 0               72            60
 1               82            68
 2               64            48
 3               65            49
 
 0               61            51
 1               70            56
 2               36            33
 3               36            34
 
 0               57            50
 1               66            57
 2               36            34
 3               36            34
 
Set1/Set_1_m_4_U_50_n_20_tss_90.txt
 0               99            74
 1               89            66
 2               92            66
 3               87            56
 
 0               93            75
 1               79            66
 2               80            65
 3               87            56
 
 0               91            72
 1               54            45
 2               49            41
 3               51            51
 
 0               89            73
 1               53            45
 2               48            42
 3               51            51
 
