	TEMPERATURE DETAILS

Pc_id       peak_temp         Avg_temp
Set1/Set_1_m_4_U_50_n_20_tss_50.txt
 0               58            44
 1               52            44
 2               39            33
 3               53            38

 0               55            43
 1               50            43
 2               39            32
 3               46            36

 0               37            28
 1               30            25
 2               26            18
 3               29            21
 
 0               37            28
 1               30            25
 2               26            18
 3               29            20


Set1/Set_1_m_4_U_50_n_20_tss_60.txt
 0               62            52
 1               60            46
 2               64            50
 3               53            39
 
 0               59            51
 1               56            45
 2               58            48
 3               50            38
 
 0               47            43
 1               37            30
 2               38            33
 3               27            25
 
 0               46            43
 1               37            31
 2               37            33
 3               27            25
 
Set1/Set_1_m_4_U_50_n_20_tss_70.txt
 0               77            57
 1               88            57
 2               57            43
 3               73            53
 
 0               68            56
 1               84            56
 2               57            42
 3               66            51
 
 0               70            54
 1               46            33
 2               35            26
 3               37            37
 
 0               67            54
 1               46            33
 2               35            26
 3               37            37
 
Set1/Set_1_m_4_U_50_n_20_tss_80.txt
 0               78            62
 1               94            69
 2               70            50
 3               66            52
 
 0               72            60
 1               82            68
 2               64            48
 3               65            49
 
 0               61            51
 1               70            56
 2               36            33
 3               36            34
 
 0               57            50
 1               66            57
 2               36            34
 3               36            34
 
Set1/Set_1_m_4_U_50_n_20_tss_90.txt
 0               99            74
 1               89            66
 2               92            66
 3               87            56
 
 0               93            75
 1               79            66
 2               80            65
 3               87            56
 
 0               91            72
 1               54            45
 2               49            41
 3               51            51
 
 0               89            73
 1               53            45
 2               48            42
 3               51            51
 
Set1/Set_1_m_4_U_60_n_20_tss_50.txt
 0               58            43
 1               46            35
 2               63            42
 3               55            43
 
 0               55            43
 1               44            35
 2               60            40
 3               52            43
 
 0               55            43
 1               23            19
 2               39            28
 3               33            29
 
 0               53            43
 1               24            20
 2               39            28
 3               33            29
 
Set1/Set_1_m_4_U_60_n_20_tss_60.txt
 0               65            50
 1               70            53
 2               60            48
 3               58            43
 
 0               59            49
 1               68            52
 2               56            48
 3               53            41
 
 0               58            47
 1               44            36
 2               44            39
 3               29            27
 
 0               54            47
 1               44            36
 2               43            40
 3               29            28
 
Set1/Set_1_m_4_U_60_n_20_tss_70.txt
 0               78            56
 1               92            60
 2               74            52
 3               79            53
 
 0               74            56
 1               90            60
 2               69            50
 3               74            51
 
 0               67            52
 1               58            41
 2               46            34
 3               41            32
 
 0               67            52
 1               57            41
 2               45            34
 3               41            32
 
Set1/Set_1_m_4_U_60_n_20_tss_80.txt
 0               73            59
 1               100            72
 2               96            63
 3               25            25
 
 0               71            59
 1               94            74
 2               92            62
 3               25            25
 
 0               55            49
 1               100            72
 2               63            44
 3               -2147483647            0
 
 0               55            49
 1               94            74
 2               63            44
 3               -2147483647            0
 
Set1/Set_1_m_4_U_60_n_20_tss_90.txt
 0               89            75
 1               89            67
 2               94            67
 3               99            62
 
 0               85            74
 1               85            67
 2               91            66
 3               99            62
 
 0               85            75
 1               67            56
 2               59            48
 3               60            60
 
 0               83            75
 1               66            57
 2               59            48
 3               60            60
 
Set1/Set_1_m_4_U_70_n_20_tss_50.txt
 0               57            42
 1               63            44
 2               57            40
 3               55            40
 
 0               54            42
 1               60            44
 2               55            40
 3               53            41
 
 0               52            40
 1               57            42
 2               29            23
 3               32            26
 
 0               49            40
 1               55            43
 2               29            23
 3               32            27
 
Set1/Set_1_m_4_U_70_n_20_tss_60.txt
 0               83            52
 1               73            51
 2               68            45
 3               56            40
 
 0               81            52
 1               70            51
 2               67            45
 3               56            40
 
 0               71            48
 1               66            49
 2               58            41
 3               28            28
 
 0               70            49
 1               65            50
 2               58            42
 3               28            28
 
Set1/Set_1_m_4_U_70_n_20_tss_70.txt
 0               79            59
 1               88            62
 2               70            48
 3               88            60
 
 0               74            60
 1               85            62
 2               70            47
 3               84            58
 
 0               76            58
 1               75            58
 2               54            40
 3               44            39
 
 0               71            58
 1               74            59
 2               54            40
 3               44            40
 
Set1/Set_1_m_4_U_70_n_20_tss_80.txt
 0               103            66
 1               94            56
 2               95            68
 3               116            70
 
 0               99            68
 1               91            57
 2               93            68
 3               116            70
 
 0               99            66
 1               71            47
 2               81            64
 3               64            64
 
 0               95            66
 1               70            48
 2               80            65
 3               64            64
 
Set1/Set_1_m_4_U_70_n_20_tss_90.txt
 0               95            70
 1               129            89
 2               94            67
 3               25            25
 
 0               91            70
 1               125            91
 2               88            66
 3               25            25
 
 0               91            72
 1               129            88
 2               71            57
 3               -2147483647            0
 
 0               88            72
 1               125            92
 2               69            57
 3               -2147483647            0
 
Set1/Set_1_m_4_U_80_n_20_tss_50.txt
 0               65            44
 1               49            38
 2               60            45
 3               57            40
 
 0               62            47
 1               48            37
 2               59            45
 3               56            40
 
 0               65            47
 1               43            34
 2               50            41
 3               28            24
 
 0               62            47
 1               42            33
 2               50            41
 3               28            24
 
Set1/Set_1_m_4_U_80_n_20_tss_60.txt
 0               74            53
 1               75            50
 2               51            42
 3               77            49
 
 0               72            54
 1               73            50
 2               49            42
 3               75            50
 
 0               70            53
 1               68            48
 2               38            35
 3               38            29
 
 0               69            54
 1               66            49
 2               38            35
 3               38            29
 
Set1/Set_1_m_4_U_80_n_20_tss_70.txt
 0               106            63
 1               67            54
 2               76            58
 3               73            56
 
 0               102            68
 1               65            54
 2               72            57
 3               73            55
 
 0               106            64
 1               56            50
 2               65            55
 3               37            36
 
 0               102            66
 1               55            51
 2               62            55
 3               37            36
 
Set1/Set_1_m_4_U_80_n_20_tss_80.txt
 0               107            66
 1               92            73
 2               82            59
 3               98            68
 
 0               99            65
 1               90            73
 2               82            58
 3               95            69
 
 0               98            65
 1               92            70
 2               51            42
 3               73            60
 
 0               93            64
 1               90            71
 2               51            42
 3               73            62
 
Set1/Set_1_m_4_U_80_n_20_tss_90.txt
 0               119            78
 1               112            70
 2               111            85
 3               76            54
 
 0               114            79
 1               108            71
 2               111            89
 3               76            53
 
 0               109            77
 1               96            65
 2               111            89
 3               42            36
 
 0               106            78
 1               94            67
 2               111            89
 3               42            36
 
Set1/Set_1_m_4_U_90_n_20_tss_50.txt
 0               51            44
 1               52            40
 2               60            40
 3               61            48
 
 0               51            43
 1               50            40
 2               59            41
 3               60            48
 
 0               44            40
 1               47            39
 2               50            36
 3               58            49
 
 0               44            40
 1               46            39
 2               50            37
 3               58            49
 
Set1/Set_1_m_4_U_90_n_20_tss_60.txt
 0               62            41
 1               63            53
 2               95            52
 3               82            56
 
 0               61            40
 1               60            52
 2               94            53
 3               81            56
 
 0               53            37
 1               57            52
 2               82            49
 3               70            53
 
 0               53            37
 1               56            51
 2               81            49
 3               69            53
 
Set1/Set_1_m_4_U_90_n_20_tss_70.txt
 0               85            65
 1               65            54
 2               93            54
 3               71            56
 
 0               81            65
 1               63            55
 2               93            53
 3               69            55
 
 0               77            63
 1               65            55
 2               59            39
 3               64            56
 
 0               74            63
 1               63            55
 2               59            39
 3               63            56
 
Set1/Set_1_m_4_U_90_n_20_tss_80.txt
 0               85            74
 1               85            57
 2               94            74
 3               96            61
 
 0               85            75
 1               83            56
 2               94            73
 3               95            61
 
 0               85            75
 1               64            47
 2               83            70
 3               87            62
 
 0               85            75
 1               64            48
 2               83            70
 3               87            63
 
Set1/Set_1_m_4_U_90_n_20_tss_90.txt
 0               98            72
 1               126            78
 2               116            81
 3               93            64
 
 0               98            71
 1               122            78
 2               108            81
 3               91            65
 
 0               86            68
 1               108            74
 2               106            82
 3               79            61
 
 0               86            68
 1               106            75
 2               100            82
 3               78            62
 
Set1/Set_1_m_4_U_100_n_20_tss_50.txt
 0               71            48
 1               64            42
 2               60            44
 3               55            45
 
 0               71            49
 1               63            42
 2               60            44
 3               55            47
 
 0               71            48
 1               64            42
 2               55            43
 3               55            47
 
 0               71            49
 1               63            42
 2               55            43
 3               55            48
 
Set1/Set_1_m_4_U_100_n_20_tss_60.txt
 0               74            54
 1               73            55
 2               67            48
 3               82            58
 
 0               73            54
 1               72            54
 2               67            49
 3               81            56
 
 0               74            54
 1               73            55
 2               65            49
 3               74            58
 
 0               73            54
 1               72            54
 2               65            49
 3               73            58
 
Set1/Set_1_m_4_U_100_n_20_tss_70.txt
 0               91            52
 1               82            65
 2               72            62
 3               90            75
 
 0               90            53
 1               82            65
 2               71            62
 3               90            74
 
 0               83            51
 1               82            65
 2               72            64
 3               90            76
 
 0               82            51
 1               82            65
 2               71            65
 3               90            76
 
Set1/Set_1_m_4_U_100_n_20_tss_80.txt
 0               95            74
 1               94            72
 2               81            71
 3               84            65
 
 0               90            73
 1               92            72
 2               79            71
 3               79            63
 
 0               81            70
 1               94            72
 2               81            71
 3               81            66
 
 0               78            71
 1               92            72
 2               79            71
 3               76            65
 
Set1/Set_1_m_4_U_100_n_20_tss_90.txt
 0               100            76
 1               103            75
 2               114            75
 3               132            89
 
 0               97            79
 1               99            75
 2               104            74
 3               131            92
 
 0               95            78
 1               103            75
 2               105            76
 3               126            92
 
 0               94            79
 1               99            75
 2               97            76
 3               125            93
 
